1 1 1 5 2 2 5 1 1 1
0 0 4 1 1 1 1 4 0 0 
0 4 2 2 2 2 2 2 4 0
4 0 0 0 2 2 0 0 0 4
0 1 5 5 5 5 5 5 1 0
4 3 0 5 0 3 0 5 0 4
0 0 0 0 0 0 0 0 0 0
0 0 0 0 0 0 0 0 0 0
0 0 0 0 0 0 0 0 0 0
0 0 0 0 0 0 0 0 0 0
0 0 0 0 0 0 0 0 0 0
0 0 0 0 0 0 0 0 0 0
0 0 0 0 0 0 0 0 0 0
0 0 0 0 0 0 0 0 0 0
0 0 0 0 0 0 0 0 0 0
0 0 0 0 0 0 0 0 0 0
0 0 0 0 0 0 0 0 0 0
0 0 0 0 0 0 0 0 0 0
0 0 0 0 0 0 0 0 0 0
1 3 0 0 0 0 0 0 3 1
0 1 0 0 0 0 0 0 1 0
2 0 0 0 0 0 0 0 0 2
2 0 0 0 0 0 0 0 0 2
3 2 0 0 0 0 0 0 2 3
3 2 0 0 0 0 0 0 2 3
1 3 0 0 0 0 0 0 3 1
1 0 0 0 0 0 0 0 0 1
0 1 0 0 0 0 0 0 1 0

#ROW 4 1 700 20.0 20 780 200 200

#ROTATING_GROUP 10 2 50 20 400 420 130 -40.0 0.0
#ROTATING_GROUP 2 5 50 20 400 420 30 -40.0 45.0
#ROTATING_GROUP 8 4 50 20 400 420 90 40.0 90.0
#ROTATING_GROUP 16 3 50 20 400 420 190 40.0 135.0
