0 0 0 0 0 0 0 0 0 0
0 0 0 0 0 0 0 0 0 0
0 0 0 0 0 0 0 0 0 0
0 0 0 0 0 0 0 0 0 0
0 0 0 0 0 0 0 0 0 0
0 0 0 0 0 0 0 0 0 0
0 0 0 0 0 0 0 0 0 0
0 0 0 0 0 0 0 0 0 0
3 3 5 5 1 1 5 5 3 3 
0 0 0 0 0 0 0 0 0 0
0 0 0 0 0 0 0 0 0 0
5 3 1 5 4 4 5 1 3 5 
0 0 0 0 0 0 0 0 0 0
0 0 0 0 0 0 0 0 0 0 
0 0 0 0 0 0 0 0 0 0
4 4 0 0 0 0 0 0 4 4
4 5 0 0 0 0 0 0 3 4
5 3 0 0 0 0 0 0 3 5
3 5 0 0 0 0 0 0 5 3
5 3 0 0 0 0 0 0 3 5
3 5 0 0 0 0 0 0 5 3
0 0 0 0 0 0 0 0 0 0 
4 0 0 0 0 0 0 0 0 4 
5 5 5 0 0 0 0 5 5 5 
1 3 0 0 0 0 0 0 3 1
1 0 0 0 0 0 0 0 0 1
5 5 0 0 0 0 0 0 5 5
3 3 3 0 0 0 0 3 3 3
4 4 4 0 0 0 0 4 4 4



#ROW 7 5 270 60.0 20 780 300 300
#ROW 6 3 340 -40.0 20 780 400 400
#ROW 5 1 740 60.0 20 780 300 300
#ROTATING_GROUP 2 4 50 20 400 485 60 -40.0 45.0
#ROTATING_GROUP 8 5 50 20 400 485 110 40.0 90.0

